43
98
69
110
148
111
84
142
59
116
128
61
145
36
54
92
32
123
55
4
42
21
130
77
104
85
107
37
39
141
97
133
14
29
15
49
8
96
120
127
114
138
86
11
79
12
156
88
56
41
134
62
102
33
135
65
118
93
80
90
149
154
143
150
57
34
66
60
81
17
24
132
147
115
5
87
71
129
139
40
101
100
45
53
73
122
27
89
117
26
47
146
35
9
151
121
20
126
3
16
76
38
68
64
28
74
152
99
108
50
157
6
44
19
91
22
125
113
18
112
255
287
190
234
262
203
263
299
193
202
241
182
160
235
298
211
250
239
163
187
274
220
279
219
170
294
168
217
248
254
269
189
252
281
270
284
210
289
247
261
258
272
290
222
209
204
195
184
164
233
180
223
175
198
277
230
166
176
291
212
244
297
292
296
300
215
162
197
251
177
264
213
267
165
257
206
227
260
286
245
183
246
191
265
253
278
276
179
268
181
199
271
266
282
256
280
216
185
232
273
218
225
196
275
229
201
228
192
186
283
200
171
288
178
194
237
159
226
242
214
